[?25l[0m [38;2;0;0;0m                                                     [0m
 [38;2;0;0;0m                                                     [0m
 [38;2;0;0;0m                             [0m  [38;2;7;23;40m                      [0m
 [38;2;0;0;0m                      [38;2;62;87;122m▂[38;2;72;108;158m▃[38;2;68;105;154m▅[38;2;67;101;146m▅[38;2;75;106;146m▅[38;2;71;98;132m▆[38;2;70;93;122m▇[38;2;83;107;141;48;2;43;71;102m▖[0m[7m[38;2;18;42;64m▝[0m[38;2;40;63;86m▂[0m [38;2;0;0;0m                    [0m
 [38;2;0;0;0m                     [38;2;51;75;106m▗[38;2;70;104;150;48;2;40;60;88m▇[38;2;47;81;129;48;2;59;96;148m▗[38;2;42;73;119;48;2;46;85;140m▃[38;2;40;74;124;48;2;56;90;137m▅[38;2;41;76;128;48;2;81;106;143m▂[38;2;31;66;116;48;2;74;101;136m▁[38;2;33;67;111;48;2;77;102;138m▄[0m[7m[38;2;26;60;102m▁[38;2;14;48;80m▃[38;2;11;37;59m▆[0m[38;2;0;2;4m                     [0m
 [38;2;0;0;0m                    [0m [7m[38;2;70;87;106m┛[0m[38;2;148;160;175;48;2;91;114;143m╵[38;2;97;112;137;48;2;49;85;134m▄[38;2;82;98;123;48;2;44;80;131m▃[38;2;35;68;111;48;2;39;78;135m▆[38;2;21;53;93;48;2;34;72;126m▅[38;2;21;53;92;48;2;27;62;110m▄[0m[7m[38;2;28;64;108m▂[0m[38;2;26;53;85m▘                       [0m
 [38;2;0;0;0m                     [7m[38;2;58;67;81m▆[38;2;110;121;139m▆[38;2;123;126;135m▆[0m[38;2;75;55;52;48;2;95;101;114m▄[38;2;61;45;46;48;2;38;61;92m▆[38;2;57;41;42;48;2;25;48;76m▇[48;2;39;44;64m▇[38;2;59;42;43;48;2;31;29;33m▇[0m[38;2;109;69;58m▃[0m [38;2;78;50;39m                      [0m
 [38;2;0;0;0m                     [0m [7m[38;2;96;71;65m▘[0m[38;2;71;55;54;48;2;74;56;55m┈[38;2;64;45;44;48;2;71;51;49m▄[38;2;61;42;42;48;2;66;46;44m▃[38;2;60;41;41;48;2;64;44;43m▃[38;2;59;40;41;48;2;61;43;43m▃[38;2;60;41;42;48;2;62;43;44m▅[38;2;61;43;43;48;2;63;44;44m╴[38;2;64;46;46;48;2;83;56;51m╴[0m[38;2;71;50;48m▅[38;2;47;34;34m▂                    [0m
 [38;2;0;0;0m         [0m [38;2;83;80;68m▄[38;2;107;107;96m▄[38;2;93;93;83m▄[38;2;118;107;87m▁[38;2;21;34;48m▁     [0m [7m[38;2;78;57;55m▘[0m[38;2;66;48;49;48;2;71;55;56m▅[38;2;67;48;48;48;2;61;42;43m▘[38;2;42;27;34;48;2;57;39;41m▗[38;2;33;20;30;48;2;50;31;36m▃[38;2;48;28;34;48;2;56;37;39m▄[38;2;53;32;36m▁[38;2;55;36;38;48;2;58;39;40m▄▃[38;2;56;37;38;48;2;59;40;41m▄[38;2;56;38;41;48;2;43;28;35m▊[38;2;47;32;37;48;2;61;44;47m▅[0m[7m[38;2;38;42;55m▝[0m [38;2;0;0;0m                  [0m
 [38;2;0;0;0m         [38;2;37;39;36m▝[7m[38;2;57;60;55m▄[38;2;56;60;55m▃[38;2;59;62;56m▃[38;2;60;64;65m▂[0m[38;2;45;55;69;48;2;25;47;74m▏[0m[38;2;48;62;77m▇[38;2;73;77;78m▆[38;2;82;84;81m▅[38;2;92;100;99m▄[38;2;108;125;129m▃[7m[38;2;66;69;82m▘[0m[38;2;36;55;87;48;2;63;48;50m▂[38;2;61;44;45;48;2;60;43;45m╴[38;2;50;32;37;48;2;52;34;38m┊[38;2;43;25;32;48;2;27;17;30m▍[38;2;26;16;29;48;2;34;20;31m▌[38;2;42;23;32;48;2;47;26;33m▌[38;2;52;31;36;48;2;49;28;33m▝[38;2;52;31;35;48;2;53;33;36m▅[38;2;53;32;36;48;2;54;33;36m▅[48;2;55;35;37m▆[38;2;54;34;35;48;2;72;58;46m▉[38;2;103;82;61;48;2;56;50;45m━[38;2;101;87;70;48;2;55;57;55m━[0m[38;2;108;92;66m▆[38;2;75;69;51m▄[0m [38;2;24;23;16m                [0m
 [38;2;0;0;0m             [0m [7m[38;2;13;39;69m▇[38;2;13;36;61m▆[38;2;19;46;75m▆[38;2;18;46;74m▄[38;2;25;57;93m▃[38;2;32;67;111m▂[38;2;33;67;113m▁[0m[38;2;30;61;100;48;2;34;57;87m▋[38;2;52;59;65;48;2;38;47;58m╱[38;2;43;40;34;48;2;71;39;36m▉[38;2;70;36;36;48;2;36;21;30m▌[38;2;35;20;30;48;2;42;22;32m▌[38;2;45;23;32;48;2;47;25;32m▊[38;2;48;27;33;48;2;49;28;34m▄[38;2;49;28;32;48;2;50;30;34m▄[38;2;49;28;33;48;2;52;31;35m▅[38;2;50;29;33;48;2;51;31;35m╸[38;2;50;29;34;48;2;53;48;37m▊[38;2;53;51;37;48;2;56;54;39m▁[38;2;57;55;39;48;2;62;59;42m▇[38;2;57;55;38m▇[38;2;55;54;37;48;2;60;58;41m▆[0m[38;2;56;55;39m▍                [0m
 [38;2;0;0;0m                 [0m [38;2;48;61;69m▃[38;2;64;73;78m▄[38;2;74;79;78m▄[7m[38;2;60;66;66m▘[0m[38;2;46;59;66;48;2;36;44;47m▏[38;2;40;41;40;48;2;79;46;40m▋[38;2;60;35;36;48;2;46;26;34m▏[48;2;46;24;33m [38;2;48;27;33;48;2;47;25;32m▅[38;2;50;29;35;48;2;49;28;33m╺[38;2;48;27;33;48;2;51;29;35m▄[38;2;45;25;31;48;2;50;29;35m━[38;2;51;30;36;48;2;46;26;32m▄[38;2;51;31;36;48;2;53;52;36m▊[38;2;55;53;38;48;2;53;51;37m▂[38;2;55;54;38;48;2;55;52;37m▆[38;2;57;56;39;48;2;55;54;38m━[38;2;58;57;42;48;2;56;55;40m┬[0m[38;2;57;56;42m▍                [0m
 [38;2;0;0;0m                 [7m[38;2;23;40;50m▌[38;2;21;42;57m▂[38;2;18;35;52m▁[0m[38;2;7;16;28;48;2;17;34;56m▁[38;2;14;29;53;48;2;18;37;59m▃[38;2;15;33;57;48;2;20;40;60m▅[38;2;16;34;56;48;2;46;45;53m▇[38;2;15;30;53;48;2;45;28;37m▅[38;2;15;29;52;48;2;47;28;36m▃[38;2;14;29;51;48;2;49;29;36m▂[38;2;9;26;50;48;2;48;28;35m▁[38;2;14;27;53;48;2;47;27;34m▁[38;2;31;51;85;48;2;45;27;35m▂[38;2;40;74;115;48;2;45;30;39m▂[38;2;49;65;83;48;2;50;37;37m▁[38;2;55;56;45;48;2;53;52;37m▁[38;2;47;58;68;48;2;53;53;38m▁[38;2;26;30;27;48;2;50;51;39m▁[0m[7m[38;2;47;48;38m▄[0m [38;2;0;0;0m                [0m
 [38;2;0;0;0m                    [0m [7m[38;2;10;22;41m▇[38;2;12;28;52m▆[38;2;12;29;54m▅▄[38;2;12;28;53m▃[38;2;11;26;48m▂[38;2;10;25;47m▂[38;2;12;28;55m▃[38;2;23;56;100m▖[0m[38;2;24;60;108;48;2;32;70;117m▄[38;2;30;71;120;48;2;40;79;124m▆[38;2;35;76;124;48;2;35;74;121m┈[38;2;44;78;115;48;2;45;54;59m▇[0m[38;2;65;98;129m▃[38;2;43;73;101m▁                 [0m
[?25h
