[?25l[0m [38;2;0;0;0m               [0m   [38;2;84;134;221m▁[38;2;73;132;236m▂[38;2;71;132;238m▃[38;2;71;131;233m▄[38;2;63;131;248m▄[38;2;68;132;241m▅[38;2;62;130;247m▅[38;2;64;125;228m▆[38;2;62;125;232m▆[38;2;62;125;231m▆[38;2;63;124;227m▆[38;2;62;130;246m▅[38;2;68;131;237m▅[38;2;65;132;245m▄[38;2;70;129;226m▄[38;2;72;132;232m▃[38;2;76;132;230m▂[38;2;85;127;196m▁[0m [38;2;10;10;10m                  [0m
 [38;2;0;0;0m           [0m  [38;2;70;118;199m▂[38;2;66;121;217m▄[38;2;64;129;243m▅[38;2;59;124;236m▇[38;2;52;125;251;48;2;86;126;197m▇[38;2;42;119;251;48;2;59;129;251m▄[38;2;42;119;250;48;2;58;129;251m▅[48;2;57;128;251m▆[38;2;42;119;249;48;2;58;129;252m▇[48;2;48;123;249m▇[48;2;42;120;250m▇▆▇[48;2;41;120;250m▇[48;2;41;120;251m▇[48;2;40;120;250m▇[48;2;41;120;250m▆[38;2;43;119;249;48;2;42;119;249m┈[38;2;42;119;249;48;2;49;124;249m▇[38;2;43;119;249;48;2;59;131;251m▇[38;2;42;119;249;48;2;59;130;251m▆[48;2;59;130;252m▅[48;2;60;130;249m▄[38;2;53;126;249;48;2;85;119;173m▇[0m[38;2;59;129;247m▆[38;2;64;127;236m▅[38;2;67;129;238m▃[38;2;69;107;171m▂[0m [38;2;10;10;10m             [0m
 [38;2;0;0;0m         [38;2;64;94;138m▁[38;2;67;131;229m▃[38;2;60;126;228m▆[38;2;54;128;249;48;2;69;102;157m▇[38;2;41;121;252;48;2;59;130;252m▅[38;2;42;120;251;48;2;58;129;251m▇[38;2;42;119;249;48;2;42;119;251m▄[48;2;42;119;252m▆[48;2;42;119;249m [48;2;42;119;248m┈╍[48;2;42;119;249m [38;2;43;119;249;48;2;42;119;248m┈╹[38;2;42;119;250;48;2;42;119;249m▄[38;2;43;118;249;48;2;42;119;248m▖[38;2;43;119;248;48;2;42;118;248m┈[38;2;42;119;249;48;2;43;119;248m▃[38;2;43;119;248;48;2;42;119;249m▁[48;2;42;119;248m [38;2;43;119;249m┈┊[38;2;42;119;249m▉[38;2;43;119;248m┈[38;2;43;119;249m┊┊[38;2;43;119;248m╶┎[38;2;42;119;249;48;2;42;119;250m▇[38;2;42;120;249;48;2;42;119;249m┊[38;2;42;119;249;48;2;56;128;251m▆[38;2;43;120;249;48;2;61;131;251m▅[0m[38;2;56;126;245m▇[38;2;64;128;240m▅[38;2;67;119;210m▃[0m [38;2;49;67;93m          [0m
 [38;2;0;0;0m      [0m [38;2;69;118;187m▃[38;2;62;130;226m▆[38;2;48;131;250;48;2;53;131;245m┈[38;2;41;126;250;48;2;55;133;251m▆[38;2;42;125;251;48;2;41;124;252m▄[38;2;42;124;250;48;2;41;123;251m▂[38;2;42;123;249;48;2;41;122;250m▄[38;2;41;122;249;48;2;41;121;251m▅[38;2;42;121;250;48;2;42;120;250m▌[38;2;42;120;250;48;2;42;119;249m▃ [38;2;43;119;249;48;2;42;119;248m╶[38;2;42;119;249m┊┈┈[38;2;42;119;250;48;2;42;119;249m╵[38;2;42;119;249;48;2;43;119;250m▇[38;2;43;119;249;48;2;42;119;248m┊[38;2;43;119;248;48;2;42;119;249m▇[48;2;42;119;248m┋[38;2;43;119;249;48;2;42;119;249m┈[38;2;42;118;250m▃[38;2;42;119;250m▖[38;2;43;119;250;48;2;42;119;248m▁[48;2;43;119;248m▄[38;2;43;119;249;48;2;42;119;248m▏[38;2;42;119;248;48;2;43;119;248m▇[48;2;42;119;249m [38;2;43;119;248;48;2;42;119;248m╼╍[38;2;42;119;247;48;2;43;119;248m╹[38;2;42;119;248m▇[38;2;42;119;249;48;2;42;119;248m┎[38;2;42;119;248;48;2;43;119;249m▘[38;2;43;120;249m╶[38;2;42;120;250;48;2;42;119;249m╴[38;2;43;120;250;48;2;57;128;251m▆[38;2;46;121;251;48;2;56;123;240m╴[0m[38;2;62;124;233m▅[38;2;65;109;187m▂        [0m
 [38;2;0;0;0m    [0m [38;2;67;126;203m▃[38;2;60;137;238;48;2;55;83;122m▆[38;2;43;131;247;48;2;62;139;244m▆[38;2;42;128;250;48;2;41;129;249m┊[38;2;42;128;249;48;2;41;128;249m┑[38;2;42;127;249;48;2;42;126;250m▇[38;2;42;127;248;48;2;42;126;249m▄[38;2;42;126;248;48;2;42;125;250m▆[38;2;42;126;249;48;2;42;125;249m▂[38;2;43;123;249;48;2;42;124;249m┗[48;2;42;122;249m▅[48;2;42;121;249m▄[38;2;42;121;250;48;2;42;120;250m▄[38;2;43;120;250;48;2;43;119;249m▖[38;2;43;119;249;48;2;42;119;249m┊[38;2;42;119;248m▖[38;2;42;119;249;48;2;42;118;249m┊[48;2;42;118;248m▆[38;2;43;119;249;48;2;42;119;249m┈[48;2;43;119;249m [48;2;42;119;249m ╲[38;2;42;119;250m▋[38;2;42;119;249;48;2;43;119;251m▇[48;2;42;119;250m▅[38;2;43;119;249;48;2;42;119;251m▌ [38;2;42;119;251;48;2;42;119;250m▅[38;2;43;119;250;48;2;42;119;249m▖[38;2;42;119;251m▖[38;2;43;119;249;48;2;42;118;249m┄[48;2;42;119;250m▎[38;2;42;119;251;48;2;42;119;249m▅[38;2;43;119;250;48;2;43;119;249m▏[38;2;43;119;249;48;2;43;119;248m┄[38;2;43;120;250;48;2;43;119;249m╶[38;2;42;119;250;48;2;42;119;248m▄[38;2;43;119;249;48;2;42;119;249m╱[38;2;42;119;249;48;2;42;119;250m▇[38;2;43;119;249;48;2;42;119;249m┈[48;2;43;119;249m [38;2;42;119;250;48;2;50;123;249m╴[0m[38;2;59;124;235m▆[38;2;64;105;175m▃      [0m
 [38;2;0;0;0m   [38;2;70;123;186m▗[7m[38;2;60;141;238m▘[0m[38;2;57;142;248;48;2;45;137;248m▘[48;2;41;134;248m [38;2;41;134;249;48;2;41;133;248m▁[38;2;41;133;249;48;2;41;131;249m▄[38;2;41;131;249;48;2;41;130;249m▄[38;2;41;130;249;48;2;42;129;249m▅[38;2;42;129;249;48;2;43;128;249m▌[38;2;43;126;249;48;2;42;127;249m╶[38;2;42;127;248;48;2;42;126;248m▂[38;2;43;126;249;48;2;42;126;249m╴[38;2;42;126;249;48;2;42;125;249m▖[38;2;43;125;249;48;2;42;124;249m┒[38;2;43;123;247;48;2;42;123;249m╺[38;2;43;123;248;48;2;43;121;249m▄[38;2;43;121;248;48;2;43;120;249m▃[38;2;43;121;249;48;2;43;119;249m▃[38;2;43;119;249;48;2;42;119;249m▁  ┈[48;2;42;119;248m┈[38;2;42;119;250;48;2;42;119;249m─▄[38;2;42;119;251m╸[38;2;43;119;249m┈[38;2;43;119;250;48;2;43;119;249m╵[38;2;42;119;249;48;2;43;119;250m▅[48;2;42;119;251m▅[38;2;43;119;250;48;2;42;120;251m▖[38;2;42;119;249;48;2;42;119;251m▂[38;2;43;119;250;48;2;42;119;249m▘[38;2;43;119;249m▇[38;2;43;119;248;48;2;42;119;250m▃[38;2;42;119;250;48;2;42;119;248m▎[38;2;43;119;249m┈[38;2;42;119;249m▇[38;2;42;119;248;48;2;42;119;249m▗[38;2;42;119;249;48;2;42;119;248m┊[38;2;43;119;248m╺[38;2;42;119;248;48;2;42;119;249m▎[38;2;42;119;249;48;2;43;119;249m▇ [38;2;43;119;249;48;2;42;119;249m▁[38;2;42;120;251;48;2;49;123;250m╴[0m[7m[38;2;62;123;227m▝[0m[38;2;59;88;138m▖    [0m
 [38;2;0;0;0m [0m [38;2;67;127;196m▄[38;2;52;143;246;48;2;55;142;242m┈[38;2;43;139;249;48;2;44;139;248m┈[38;2;154;197;238;48;2;42;136;247m▁[38;2;230;241;249;48;2;47;136;246m▂[38;2;237;245;250;48;2;44;134;246m▃[38;2;251;253;253;48;2;55;138;245m▃[38;2;249;253;253;48;2;51;135;245m▃[38;2;218;232;248;48;2;42;131;248m▃[38;2;222;237;248;48;2;52;135;247m▁[38;2;40;129;249;48;2;43;129;247m┈[38;2;43;129;249;48;2;56;136;246m╴[38;2;153;192;241;48;2;47;129;248m▁[38;2;43;128;251;48;2;42;126;250m╴[38;2;42;126;250;48;2;42;125;249m▊[38;2;42;125;250m╌[38;2;42;125;249;48;2;42;124;249m▄[38;2;42;124;249;48;2;43;123;247m▅[38;2;42;123;248;48;2;43;121;248m▅[38;2;42;121;248;48;2;42;120;249m▃ [38;2;42;120;249;48;2;42;119;249m▂[38;2;43;119;250m▁[38;2;43;119;249m┊┊[38;2;43;119;250m▗▄▅[38;2;43;119;249m╻┈[48;2;42;119;250m [38;2;42;119;249m▅[38;2;43;119;249;48;2;42;119;249m┞[48;2;43;119;249m [38;2;42;119;249m╶[48;2;42;119;248m▗[38;2;43;118;249m╴[38;2;177;204;241;48;2;49;122;247m▁[38;2;42;119;249;48;2;49;122;246m╴[38;2;43;119;249;48;2;46;120;247m╴[38;2;191;214;244;48;2;44;119;247m▂[38;2;227;236;249m▃[38;2;250;253;253;48;2;54;124;245m▃[38;2;251;253;253;48;2;55;125;244m▃[38;2;233;240;249;48;2;46;120;246m▃[38;2;215;230;246;48;2;45;120;247m▂[38;2;125;168;235;48;2;43;119;247m▁[38;2;42;119;247;48;2;44;119;248m╴[38;2;44;120;250;48;2;56;122;236m╴[0m[38;2;67;128;233m▖   [0m
  [7m[38;2;67;133;202m▘[0m[38;2;56;145;246;48;2;41;142;250m▘[38;2;41;141;248;48;2;46;142;246m┊[38;2;33;115;201;48;2;162;200;238m▃[38;2;71;130;192;48;2;241;246;249m▂[38;2;253;254;254;48;2;251;252;252m┈[38;2;253;253;253;48;2;254;253;253m┈[48;2;254;254;254m  [38;2;254;254;254;48;2;254;254;253m┈[48;2;253;253;253m┈[38;2;247;250;252;48;2;129;180;238m▇[38;2;235;243;250;48;2;82;148;230m▄[38;2;81;134;198;48;2;206;222;237m╸[38;2;245;249;252;48;2;100;161;243m▅[38;2;181;210;243;48;2;50;131;248m▖[38;2;42;128;250;48;2;42;127;250m▇[38;2;42;127;250;48;2;42;126;249m▅[38;2;42;126;250;48;2;42;125;249m▃[38;2;43;124;249;48;2;42;124;249m╴[38;2;42;125;249;48;2;42;123;248m▅[38;2;42;124;249;48;2;42;122;249m▖[38;2;42;122;249;48;2;42;121;250m▖[38;2;42;121;252;48;2;42;120;250m╺[38;2;42;120;250;48;2;42;119;251m▖[38;2;43;119;250;48;2;42;119;250m╷[38;2;42;119;249;48;2;43;119;251m▂[38;2;43;119;250;48;2;43;120;250m▁[48;2;43;119;250m [48;2;42;119;249m▃[38;2;42;119;250m▎[38;2;43;119;249m╵▘┈[38;2;42;119;249;48;2;42;119;248m┊[38;2;43;119;249;48;2;43;119;248m┈[38;2;216;229;247;48;2;61;129;244m▗[38;2;241;246;251;48;2;95;150;240m▆[38;2;81;129;198;48;2;203;219;237m┏[38;2;231;239;249;48;2;72;133;233m▅[38;2;251;252;253;48;2;161;193;240m▇[38;2;254;254;254;48;2;253;253;253m┈[38;2;254;254;253m┈[38;2;254;254;254;48;2;254;254;253m┈┈[38;2;254;254;253;48;2;254;253;253m┈[38;2;254;254;254;48;2;247;248;250m╴[38;2;50;101;184;48;2;232;239;245m▂[38;2;191;213;245;48;2;71;128;220m▘[48;2;42;119;248m [38;2;42;120;248;48;2;49;123;248m╴[0m[38;2;62;130;245m▖  [0m
 [7m[38;2;67;137;207m▌[0m[38;2;49;148;248;48;2;40;145;250m▏[38;2;47;149;249;48;2;41;146;249m╻[38;2;39;145;250;48;2;40;144;249m╴[38;2;40;143;249;48;2;40;143;248m┊[38;2;40;141;244;48;2;34;119;207m▇[38;2;41;132;225;48;2;139;177;212m▆[38;2;62;132;203;48;2;231;239;245m▖[38;2;254;254;254;48;2;253;254;253m┈[48;2;254;254;254m [48;2;253;253;253m┈┈┈[48;2;254;254;254m [38;2;245;247;248;48;2;253;253;253m┊[38;2;254;254;254m┈[48;2;244;248;252m┈[38;2;182;211;242;48;2;49;132;246m▖[38;2;41;129;250;48;2;42;128;251m▆[38;2;41;128;250m▁[38;2;42;127;250;48;2;42;126;250m▇[48;2;41;125;250m▄[48;2;42;125;250m [38;2;41;124;250;48;2;42;123;249m▖[38;2;42;123;249;48;2;43;122;249m▄[38;2;42;121;250;48;2;42;122;249m▝[38;2;42;121;249;48;2;43;120;249m▎[38;2;42;119;249;48;2;42;120;249m▝[48;2;43;119;250m▇[38;2;43;119;250;48;2;42;119;249m┈[38;2;43;119;249;48;2;42;119;250m▄[38;2;43;119;250;48;2;42;119;249m▏  [38;2;43;119;249m┈╎[38;2;235;243;250;48;2;70;135;242m▗[38;2;254;254;254;48;2;251;252;253m┈[48;2;253;253;253m┈[48;2;252;253;253m┈[48;2;253;253;253m┈[48;2;254;254;254m  [38;2;253;253;253m╷[38;2;254;254;254;48;2;253;253;253m┈┊[38;2;42;103;207;48;2;206;218;235m▗[38;2;45;113;228;48;2;137;166;212m▇[38;2;43;118;247;48;2;35;102;213m▇[38;2;42;119;248;48;2;41;118;247m▇[48;2;43;119;249m [38;2;42;119;250;48;2;42;119;249m▝[38;2;43;119;250;48;2;47;122;249m┈[0m[38;2;69;129;231m▖ [0m
[38;2;75;118;158m▗[38;2;44;149;248;48;2;51;150;244m┊[38;2;40;150;248;48;2;41;149;249m┈[38;2;46;151;249;48;2;41;148;249m▏[38;2;39;147;249;48;2;40;146;249m▄[38;2;39;146;249;48;2;39;144;249m▆[38;2;39;146;250m▃[38;2;39;144;250;48;2;40;143;248m▇[38;2;38;142;248;48;2;42;139;236m╴[38;2;96;157;214;48;2;237;243;248m▖[38;2;254;254;254;48;2;253;253;253m┈┈[48;2;254;254;254m   [48;2;253;253;253m┈┈┈[38;2;224;237;247;48;2;46;132;240m▌[38;2;39;132;250;48;2;39;130;250m▄[38;2;40;130;250;48;2;40;129;250m▄[38;2;41;130;249;48;2;41;128;250m▃[38;2;42;128;250m▍[48;2;42;126;250m▆[38;2;42;127;250;48;2;42;125;250m▅[38;2;42;126;250m▂[38;2;42;124;249;48;2;41;123;249m▅▁[38;2;41;123;249;48;2;42;121;249m▅[38;2;42;123;249;48;2;42;121;250m▖[38;2;42;121;250;48;2;42;119;249m▅[38;2;42;120;250m▂[38;2;42;119;249;48;2;42;118;250m┵[38;2;43;119;250;48;2;42;119;249m┈[38;2;42;119;250m▖[48;2;43;119;249m [38;2;43;120;249m▄[38;2;59;123;233;48;2;238;245;250m▍[38;2;254;254;254;48;2;253;253;253m┈┈▇[48;2;254;254;254m  [48;2;253;253;253m┈[48;2;254;254;253m┈[48;2;253;253;253m [38;2;242;246;250;48;2;98;143;214m▌[38;2;42;118;245;48;2;42;109;223m▇[38;2;44;120;250;48;2;43;119;249m╸[38;2;43;119;249;48;2;42;119;249m╵[38;2;42;119;248m┒[38;2;43;119;248;48;2;42;119;248m┈[38;2;43;119;249;48;2;42;119;249m┊[38;2;42;119;249;48;2;42;119;250m▊[38;2;42;119;251;48;2;55;120;231m╴[0m [0m
[7m[38;2;63;151;228m▍[0m[38;2;39;152;249;48;2;39;151;250m▖[38;2;45;153;249;48;2;40;151;249m╶[38;2;39;149;249;48;2;39;150;249m▝[38;2;39;149;250;48;2;39;149;249m╍[38;2;40;148;249;48;2;39;147;249m▅[38;2;39;147;249;48;2;40;146;250m▊[38;2;41;146;247;48;2;71;149;220m▉[38;2;65;153;240;48;2;192;222;241m▝[38;2;82;156;225;48;2;247;252;252m▌[48;2;254;254;254m   [38;2;254;254;254;48;2;253;253;253m┈[48;2;254;254;254m   [48;2;245;248;250m┊[38;2;139;179;222;48;2;43;132;239m▘[38;2;40;135;250;48;2;40;134;250m▄[38;2;40;134;250;48;2;40;132;251m▅[38;2;40;133;249;48;2;40;131;250m▅[38;2;41;131;250;48;2;41;130;249m▇[38;2;41;129;250;48;2;41;130;250m▝[38;2;41;129;249;48;2;42;128;250m▖[38;2;41;128;250;48;2;42;127;250m▁[38;2;42;128;250;48;2;41;127;250m┎[38;2;42;126;250;48;2;42;124;249m▇[38;2;41;125;250;48;2;41;124;249m▄[48;2;42;123;249m [38;2;42;123;249;48;2;42;121;249m▆[38;2;42;122;249;48;2;42;121;250m▅[38;2;43;121;250;48;2;42;120;250m┬[38;2;42;120;250;48;2;42;119;249m▋ [48;2;43;119;249m [38;2;42;119;249;48;2;43;120;250m▅[38;2;203;218;235;48;2;59;124;231m▝[38;2;254;254;254;48;2;252;253;253m┊[48;2;254;254;254m  [48;2;253;253;253m┈[48;2;254;254;254m  [48;2;254;254;253m [48;2;254;254;254m [38;2;242;248;250;48;2;82;137;228m▍[38;2;243;247;251;48;2;126;169;234m▖[38;2;46;118;242;48;2;43;118;248m▏[38;2;43;119;249;48;2;43;119;248m┈[48;2;42;119;248m┈╴[38;2;42;119;249m┊[38;2;43;119;249m┈[48;2;42;119;249m [0m[38;2;69;122;210m▌[0m
[7m[38;2;54;157;242m▏[0m[38;2;38;155;251;48;2;38;153;250m▃[38;2;62;167;250;48;2;40;154;249m╻[38;2;39;153;250;48;2;39;152;249m▂[38;2;40;152;249;48;2;39;151;249m▁[38;2;39;150;249;48;2;39;149;249m▇[38;2;38;150;249;48;2;40;149;249m▃[38;2;46;150;246;48;2;129;187;234m▉[38;2;253;254;253;48;2;244;250;252m┊[38;2;254;254;254;48;2;247;250;251m┈[48;2;253;253;253m┈┈┈┈[48;2;254;254;254m  [48;2;253;253;253m┈[38;2;246;249;251;48;2;81;147;217m▌[38;2;41;138;249;48;2;41;137;248m┊[48;2;41;137;250m [38;2;41;137;249;48;2;41;135;249m▄ [38;2;40;134;250;48;2;40;132;251m▆[48;2;40;131;250m▃[38;2;40;132;250;48;2;41;130;250m▃[38;2;41;130;250;48;2;41;129;250m▆[38;2;41;129;250;48;2;42;128;250m▆[38;2;41;128;251;48;2;41;127;250m▄[38;2;41;127;250;48;2;42;125;250m▆[38;2;42;127;250m▃[38;2;42;125;250;48;2;42;124;249m▂[38;2;42;124;250;48;2;42;123;249m▂[38;2;42;123;249;48;2;42;122;249m┊[38;2;41;123;249;48;2;42;121;249m▄[38;2;43;121;249;48;2;42;120;249m▄[38;2;43;120;250;48;2;42;119;249m▃[38;2;43;119;249m▃[38;2;42;119;249;48;2;43;118;245m╴[38;2;83;133;211;48;2;239;244;248m▎[38;2;254;254;254;48;2;253;253;253m┈┈┈[48;2;254;254;254m  [48;2;253;253;253m ┈[38;2;237;243;248;48;2;249;250;252m┊[38;2;251;252;253;48;2;145;182;236m▊[38;2;43;119;249;48;2;45;119;246m┊[48;2;42;119;248m╵[38;2;42;118;248m▇[38;2;43;119;249;48;2;42;119;249m┈[48;2;42;119;248m╷[38;2;42;119;249;48;2;43;119;248m╶[48;2;42;119;251m▉[0m[38;2;61;124;230m▊[0m
[38;2;121;146;158;48;2;46;154;241m▏[48;2;38;156;251m [38;2;63;168;251;48;2;41;157;251m╻[38;2;40;154;250;48;2;39;155;251m╺[38;2;39;154;250;48;2;40;153;249m▅[48;2;39;152;249m▄[38;2;40;154;250m▁[38;2;45;150;242;48;2;209;234;246m▋[38;2;254;254;254;48;2;253;253;253m┈[48;2;254;254;254m [48;2;254;254;253m┈[48;2;254;254;254m [48;2;253;253;253m┈[38;2;108;161;208;48;2;233;239;243m▃[48;2;253;253;253m [38;2;253;253;253;48;2;244;248;249m┊[38;2;160;191;219;48;2;244;247;249m▁[38;2;238;246;249;48;2;63;147;235m▌[38;2;40;139;248;48;2;41;139;249m▅[38;2;40;139;250;48;2;40;138;249m▂[38;2;40;137;249;48;2;41;138;249m▝[48;2;41;137;249m [38;2;41;137;249;48;2;40;135;249m▆[38;2;40;136;249;48;2;40;135;250m▖[38;2;41;134;250;48;2;40;134;250m▁[38;2;40;133;249;48;2;40;131;250m▅[38;2;122;179;243;48;2;54;138;247m▁[38;2;41;129;250;48;2;45;131;247m┊[38;2;48;132;247;48;2;111;173;249m▉[38;2;42;127;250;48;2;54;134;247m┊[48;2;41;127;250m┈[38;2;41;127;250;48;2;41;125;250m▅[38;2;42;126;249;48;2;41;124;249m▃[38;2;41;125;250;48;2;42;124;249m▁[38;2;41;123;249;48;2;42;122;249m▇[38;2;42;122;249;48;2;42;121;249m▇[38;2;43;121;250;48;2;43;121;249m╵[38;2;44;121;249;48;2;43;120;248m╶[38;2;87;141;228;48;2;248;251;252m▍[38;2;154;178;210;48;2;249;251;252m▗[38;2;254;254;254;48;2;252;253;253m┈ [38;2;94;135;200;48;2;219;228;240m▖[38;2;254;254;254;48;2;253;253;253m┈[48;2;254;254;254m [38;2;253;254;253;48;2;254;253;253m┊[48;2;254;254;254m [38;2;254;254;254;48;2;253;253;253m┈[38;2;214;233;248;48;2;54;124;240m▏[38;2;43;119;248;48;2;42;119;248m└[38;2;42;119;249m┊[48;2;42;119;249m [48;2;42;119;248m╻[38;2;43;119;248m╺[48;2;42;119;249m [0m[38;2;54;121;231m▊[0m
[7m[38;2;46;144;223m▎[0m[38;2;41;50;56;48;2;38;156;250m [38;2;52;164;251;48;2;40;157;250m╵[48;2;38;157;251m [38;2;39;156;251;48;2;39;156;252m▅[48;2;38;155;250m▅[38;2;39;155;251;48;2;39;154;250m▄[38;2;52;154;239;48;2;205;228;239m▊[48;2;253;253;253m [38;2;254;254;254;48;2;250;251;252m╴[38;2;64;140;206;48;2;221;231;239m▄[38;2;253;253;253;48;2;242;246;249m┈[38;2;245;250;251;48;2;98;153;199m▉[38;2;41;148;242;48;2;43;132;213m▆[38;2;65;144;216;48;2;207;224;237m▄[38;2;229;240;245;48;2;124;179;225m▊[38;2;40;136;231;48;2;105;158;207m▇[38;2;52;134;215;48;2;174;208;234m▅[38;2;181;216;243;48;2;53;146;246m▖[38;2;39;140;251;48;2;40;140;250m╴[38;2;39;140;250;48;2;40;139;250m▁[38;2;39;138;249;48;2;40;137;250m▉[38;2;40;137;249;48;2;40;136;249m▋[38;2;41;136;249m▄[48;2;41;135;249m┈[38;2;176;210;244;48;2;49;138;246m▃[38;2;141;188;241;48;2;250;253;253m▘[38;2;206;233;246;48;2;47;133;240m▏[38;2;59;138;239;48;2;238;249;252m▊[38;2;98;158;239;48;2;244;249;252m▝[38;2;173;205;244;48;2;52;133;246m▂[38;2;42;128;250;48;2;42;128;249m┈[48;2;42;127;250m [38;2;41;125;250m▝[38;2;41;126;249;48;2;41;125;250m▂[38;2;42;124;249;48;2;41;124;249m┈[38;2;41;123;249;48;2;43;124;248m╴[38;2;159;192;235;48;2;57;128;241m▃[38;2;41;110;217;48;2;187;207;231m▅[38;2;41;117;244;48;2;55;120;225m╴[38;2;124;157;205;48;2;233;240;246m▁[38;2;241;245;248;48;2;72;127;216m▘[38;2;44;115;235;48;2;127;160;204m▉[38;2;225;240;248;48;2;252;253;253m▏[38;2;158;182;218;48;2;242;245;249m▁[38;2;87;135;212;48;2;223;230;239m▄[38;2;254;254;254;48;2;253;253;253m┊[38;2;253;254;253;48;2;249;251;252m┊[38;2;155;183;221;48;2;49;119;239m▏[38;2;43;119;248;48;2;42;119;248m╹[38;2;42;119;248;48;2;42;118;249m┘[38;2;42;118;248m┓[38;2;42;119;249m▇[38;2;43;119;250;48;2;42;119;249m▘[38;2;42;119;249;48;2;42;119;248m┆[0m[38;2;51;107;201m▋[0m
[7m[38;2;51;113;163m▌[0m[38;2;38;156;250;48;2;38;154;246m┊[48;2;44;159;250m▊[38;2;41;156;251;48;2;39;156;250m┈[38;2;39;156;251;48;2;38;156;250m╴[38;2;38;156;250;48;2;39;157;251m▇[38;2;38;157;250;48;2;39;156;251m▄[38;2;39;156;250;48;2;40;153;244m┊[38;2;66;146;211;48;2;229;240;245m▖[38;2;247;251;252;48;2;140;185;220m▉[38;2;132;196;244;48;2;47;155;243m▁[38;2;128;175;213;48;2;40;145;233m▝[38;2;58;138;205;48;2;223;238;245m▄[38;2;75;158;224;48;2;38;149;246m▏[38;2;37;149;248;48;2;37;148;247m╴[38;2;38;148;248;48;2;41;139;228m┈[38;2;38;146;248;48;2;42;147;246m┊[38;2;38;145;247;48;2;40;145;246m┈[38;2;244;250;251;48;2;81;150;214m▝[38;2;223;236;244;48;2;92;167;240m▆[38;2;251;252;253;48;2;64;151;244m▄[38;2;234;242;248;48;2;41;139;247m▄[38;2;237;245;250;48;2;42;138;247m▄[38;2;239;246;251;48;2;50;141;246m▅[38;2;251;253;253;48;2;130;183;241m▆[38;2;254;254;254;48;2;253;253;253m┈[38;2;147;184;220;48;2;248;251;252m▗[38;2;39;134;248;48;2;43;134;240m┊[38;2;49;135;238;48;2;145;182;219m▉[38;2;253;254;253;48;2;241;246;249m┊[38;2;254;254;254;48;2;252;253;253m┈[38;2;249;251;253;48;2;103;162;240m▆[38;2;233;241;250;48;2;46;128;245m▅[38;2;235;242;248;48;2;44;127;246m▄[38;2;237;243;249;48;2;45;127;246m▄[38;2;234;242;250;48;2;45;126;245m▅[38;2;215;226;239;48;2;125;172;240m▆[38;2;231;238;245;48;2;57;122;217m▘[38;2;44;125;246;48;2;42;124;248m▏[38;2;42;125;249;48;2;46;125;242m╴[38;2;43;122;247;48;2;41;114;229m╴[38;2;42;120;247;48;2;41;119;248m╴[38;2;44;119;245;48;2;120;162;222m▊[38;2;51;111;209;48;2;225;233;243m▄[38;2;48;117;232;48;2;115;151;207m▇[38;2;164;195;240;48;2;55;124;237m▗[38;2;235;246;252;48;2;252;253;253m▏[38;2;47;113;221;48;2;195;211;233m▗[38;2;44;119;248;48;2;43;118;247m╴[38;2;42;119;249;48;2;42;118;248m▅[38;2;43;118;249;48;2;42;119;248m╹[38;2;42;119;249m┄╶[38;2;43;119;249m┈[38;2;42;116;243;48;2;43;102;201m▉[0m[38;2;51;79;123m▍[0m
 [7m[38;2;39;134;212m▖[0m[38;2;38;156;250;48;2;38;155;249m┈[38;2;45;160;250;48;2;40;157;250m╷[48;2;38;156;250m  [38;2;38;155;250;48;2;38;157;250m▅[38;2;38;156;250;48;2;38;155;250m┈[38;2;38;156;251;48;2;46;151;235m╴[38;2;48;137;209;48;2;212;228;238m▖[38;2;247;251;252;48;2;183;218;245m▇[38;2;233;244;250;48;2;67;165;244m▄[38;2;158;206;243;48;2;42;153;247m▂[38;2;40;153;249;48;2;39;151;248m╴[38;2;37;151;249;48;2;37;150;248m▇[38;2;37;149;248;48;2;37;150;249m╺[38;2;37;148;250;48;2;37;149;249m▝[48;2;38;147;249m [38;2;39;147;248;48;2;39;147;247m┈[38;2;40;147;247;48;2;44;139;229m╴[38;2;83;154;218;48;2;227;236;242m▆[38;2;252;254;254;48;2;253;254;253m┈[38;2;253;253;253;48;2;254;254;253m▁[38;2;254;254;254;48;2;253;253;253m┈[48;2;254;254;253m┈[38;2;159;189;217;48;2;253;253;253m▗[38;2;188;210;229;48;2;42;130;229m▘[38;2;41;138;248;48;2;39;137;249m▘[38;2;40;136;249;48;2;40;136;248m┈[38;2;231;239;245;48;2;60;134;221m▝[38;2;253;253;254;48;2;240;245;248m┊[38;2;254;254;254;48;2;253;253;253m┊[48;2;254;254;254m [48;2;253;253;253m┈[38;2;226;236;244;48;2;249;251;252m╶[38;2;55;122;217;48;2;207;220;235m▆[38;2;43;127;248;48;2;43;121;232m┈[38;2;42;126;248;48;2;42;126;249m┈[38;2;42;126;250;48;2;41;125;249m▁[38;2;41;125;249;48;2;41;124;248m▆[38;2;41;124;249;48;2;41;123;248m▅[38;2;41;123;248;48;2;42;122;249m▄[38;2;44;122;249;48;2;44;121;247m┈[38;2;192;214;244;48;2;50;124;246m▂[38;2;227;237;249;48;2;71;135;242m▅[38;2;253;254;253;48;2;243;247;250m┈[38;2;83;133;214;48;2;215;226;239m▄[38;2;45;119;246;48;2;43;115;238m╴[38;2;43;119;249;48;2;42;119;248m┈[48;2;42;119;249m┈[38;2;42;119;248m▅ [48;2;42;119;248m [48;2;42;118;247m [0m[7m[38;2;44;95;179m▗[0m[38;2;25;28;33m [0m
 [38;2;51;88;119m▝[38;2;35;139;222;48;2;39;128;199m┊[38;2;38;156;250;48;2;39;156;249m╴[38;2;40;157;250;48;2;39;156;250m╴[38;2;38;156;250;48;2;38;155;250m▅[48;2;38;156;250m [38;2;37;156;250m▁[38;2;38;156;250;48;2;37;156;250m┈[38;2;37;154;247;48;2;33;136;220m▇[38;2;192;215;232;48;2;49;146;223m▝[38;2;82;149;203;48;2;244;248;250m▃[38;2;253;253;253;48;2;246;250;251m╴[38;2;251;253;253;48;2;124;189;239m▆[38;2;247;251;252;48;2;57;158;243m▅[38;2;245;250;252;48;2;48;153;245m▄[38;2;252;253;253;48;2;59;158;245m▃[38;2;250;254;253;48;2;54;154;243m▃[38;2;237;246;251;48;2;42;148;246m▄[38;2;245;249;252;48;2;65;157;242m▅[38;2;249;251;253;48;2;158;203;241m▇[38;2;254;254;254;48;2;253;253;253m┈[38;2;254;254;253m┈[38;2;155;188;214;48;2;248;251;251m▁[38;2;68;138;206;48;2;233;240;246m▄[38;2;43;136;234;48;2;111;160;210m▇[38;2;39;141;250;48;2;39;140;250m╴[38;2;39;140;250;48;2;39;139;250m▁[38;2;40;137;249;48;2;39;138;249m▝[38;2;39;137;250;48;2;39;136;248m╴[38;2;134;172;213;48;2;40;130;233m▝[38;2;66;131;205;48;2;230;238;245m▃[38;2;254;253;254;48;2;243;247;249m╴[48;2;253;253;253m [38;2;254;254;254m╴[38;2;243;247;252;48;2;122;174;239m▇[38;2;240;245;251;48;2;57;135;244m▅[38;2;234;242;250;48;2;43;127;247m▄[38;2;250;253;253;48;2;57;134;243m▃[38;2;228;237;247;48;2;43;126;247m▄[38;2;249;251;253;48;2;57;132;243m▄[38;2;250;252;253;48;2;71;140;243m▅[38;2;246;249;252;48;2;109;161;237m▇[38;2;253;253;252;48;2;242;245;248m╴[38;2;65;119;199;48;2;235;240;246m▃[38;2;157;183;218;48;2;45;114;225m▘[38;2;42;119;249;48;2;42;117;244m╴[38;2;43;119;249;48;2;42;119;248m┈[48;2;42;119;249m┈[38;2;43;118;248m╶[38;2;42;119;249;48;2;43;119;249m▉[38;2;43;119;248;48;2;42;118;248m┈[38;2;42;119;248;48;2;42;117;247m╴[0m[7m[38;2;39;101;207m▗[0m [38;2;33;46;67m [0m
 [38;2;0;0;0m [38;2;48;90;124m▝[38;2;37;74;104;48;2;38;125;196m▁[38;2;40;157;250;48;2;39;154;246m┈[38;2;38;156;250;48;2;38;157;250m┈[38;2;37;156;250;48;2;37;157;250m▇[38;2;38;156;250;48;2;37;156;250m┈[48;2;38;156;250m [38;2;37;156;250m╷ [38;2;37;155;248;48;2;32;135;218m▇[38;2;38;145;229;48;2;135;179;210m▇[38;2;41;138;217;48;2;221;233;241m▅[38;2;60;137;200;48;2;250;252;252m▄[38;2;38;118;185;48;2;242;246;249m▂[38;2;36;114;181;48;2;241;246;248m▁[38;2;52;118;177;48;2;250;252;252m▁[38;2;49;116;178;48;2;249;251;252m▁[38;2;90;145;193;48;2;252;253;253m▂[38;2;31;109;179;48;2;236;242;246m▂[38;2;50;130;201;48;2;246;249;250m▄[38;2;52;139;219;48;2;233;241;245m▆[38;2;41;147;249;48;2;43;137;227m┈[38;2;39;146;250;48;2;37;144;248m╴[38;2;38;145;250;48;2;38;144;250m▃[38;2;38;144;250;48;2;38;143;250m▃[38;2;38;143;251;48;2;39;141;251m▄[38;2;40;141;251;48;2;39;141;250m╾[38;2;39;140;251;48;2;38;140;250m▂[38;2;39;138;249;48;2;38;139;250m▝[38;2;38;137;248;48;2;35;125;228m▇[38;2;39;128;230;48;2;115;157;202m▇[38;2;42;124;220;48;2;217;228;239m▅[38;2;62;125;201;48;2;250;252;252m▄[38;2;39;101;180;48;2;241;245;248m▂[38;2;37;99;179;48;2;240;244;247m▁[38;2;52;104;176;48;2;250;251;252m▁[38;2;49;102;174;48;2;249;251;252m▁[38;2;95;139;194;48;2;253;253;253m▂[38;2;34;98;183;48;2;237;242;246m▂[38;2;53;114;200;48;2;246;249;250m▄[38;2;56;123;217;48;2;240;245;248m▆[38;2;40;117;231;48;2;102;142;196m▇[38;2;41;124;248;48;2;36;111;225m▇[48;2;41;123;249m [38;2;42;121;249;48;2;42;122;249m▝[48;2;42;120;249m [38;2;42;120;249;48;2;43;119;248m▂[38;2;43;119;248;48;2;42;119;248m▗ [38;2;37;104;219m▗[0m[7m[38;2;40;97;193m▗[0m [38;2;15;17;19m  [0m
 [38;2;0;0;0m  [0m [7m[38;2;39;112;170m▖[0m[38;2;32;118;189;48;2;39;151;241m▖[38;2;38;156;250;48;2;39;156;249m┈[48;2;37;156;250m┈[48;2;38;156;250m   [48;2;37;156;250m╶[48;2;38;156;250m [48;2;37;156;250m▁[38;2;37;156;250;48;2;38;156;249m┈[38;2;37;155;249;48;2;33;133;216m▇[38;2;37;152;246;48;2;27;114;187m▇[38;2;37;153;250;48;2;28;117;195m▆[38;2;37;153;249;48;2;29;118;196m▆[38;2;36;150;246;48;2;26;112;188m▇[38;2;37;151;249;48;2;33;133;221m▇[38;2;37;151;250;48;2;37;150;248m▇[38;2;38;150;250;48;2;37;149;248m▅[38;2;38;149;249;48;2;39;148;251m▆[38;2;38;149;250;48;2;39;147;250m▃[38;2;39;148;251;48;2;39;146;250m▂[38;2;38;145;250;48;2;38;146;251m▝[38;2;39;146;252;48;2;38;144;251m▃[38;2;38;144;251;48;2;38;142;251m▅[38;2;39;144;251m▁[38;2;38;142;251;48;2;39;140;250m▃[38;2;39;141;251m▁[38;2;39;140;250;48;2;38;138;250m▂[38;2;38;137;250;48;2;38;137;249m╶[38;2;40;137;249;48;2;40;136;249m┈[38;2;40;135;249;48;2;34;113;212m▇[38;2;40;133;246;48;2;30;99;187m▇[38;2;40;134;249;48;2;32;104;195m▆[38;2;39;132;249;48;2;32;103;194m▆[38;2;39;129;247;48;2;30;99;189m▇[38;2;40;130;250;48;2;38;116;223m▇[38;2;40;129;250;48;2;40;128;250m▃[38;2;41;128;250;48;2;41;127;248m▆[38;2;41;126;248;48;2;42;127;250m▗[38;2;42;125;250;48;2;41;126;249m▝[38;2;41;124;249;48;2;42;125;249m┡[38;2;42;123;248;48;2;41;124;249m▝[38;2;42;124;248;48;2;42;122;248m▖[38;2;41;122;248;48;2;42;121;248m▖[38;2;43;120;249;48;2;42;119;247m┈[38;2;39;93;175;48;2;41;113;233m▗[0m[7m[38;2;39;78;141m▗[0m [38;2;10;10;10m   [0m
 [38;2;0;0;0m    [38;2;42;104;155m▝[7m[38;2;37;126;197m▖[0m[38;2;34;122;195;48;2;38;152;244m▂[38;2;37;154;250;48;2;37;155;249m╴[38;2;37;155;250;48;2;37;156;250m▁[38;2;37;155;249m▁[38;2;38;157;250m┈[38;2;37;156;250;48;2;38;156;250m╶[38;2;37;155;250;48;2;37;156;250m▁[38;2;38;156;250m╹┊[38;2;37;156;250;48;2;38;155;250m▊[38;2;37;155;250;48;2;37;155;251m▄[38;2;37;156;250;48;2;37;155;250m┓[38;2;37;155;251;48;2;36;154;250m▃[38;2;37;153;251;48;2;37;152;250m▅[38;2;37;152;251m▄[48;2;37;151;250m╴[38;2;36;152;250m▂[38;2;37;151;251;48;2;38;150;250m▆[38;2;38;149;251;48;2;39;148;251m▇[38;2;38;149;252;48;2;38;147;252m▅[38;2;37;147;252m─[38;2;38;147;251;48;2;38;145;251m▆[38;2;38;147;252m▖[38;2;38;143;251;48;2;38;144;251m▝[38;2;38;144;251;48;2;38;142;251m▖[38;2;38;143;251;48;2;38;141;251m▁[38;2;39;141;251;48;2;38;139;250m▄[38;2;39;140;250m▅[38;2;39;139;250;48;2;39;138;250m▄[38;2;39;138;250;48;2;40;137;249m▁[38;2;40;135;249;48;2;40;136;249m▝[38;2;40;136;249;48;2;39;134;250m▄[38;2;40;134;250;48;2;39;133;250m▆[38;2;40;133;251;48;2;39;134;250m▝[38;2;39;133;250;48;2;39;131;250m▅[38;2;40;132;250;48;2;40;130;250m▂[38;2;40;130;250;48;2;41;128;250m▃[38;2;43;128;250;48;2;41;128;249m╶[38;2;42;128;249;48;2;42;126;248m▅[38;2;42;125;248;48;2;41;126;249m╾[38;2;42;125;250;48;2;41;124;248m╴[38;2;35;100;195;48;2;41;121;243m▃[0m[7m[38;2;38;96;181m▗[0m[38;2;47;81;132m▘     [0m
 [38;2;0;0;0m     [0m [7m[38;2;43;99;145m▅[38;2;38;119;186m▂[0m[38;2;32;113;180;48;2;36;149;241m▃[38;2;33;133;215;48;2;37;153;248m▁[38;2;37;155;250;48;2;38;157;250m▇[48;2;38;156;250m [38;2;37;155;249;48;2;37;156;249m╻[38;2;37;155;250;48;2;37;156;250m╸[48;2;38;156;250m [38;2;38;156;250;48;2;37;156;250m▆[38;2;38;156;251;48;2;38;155;250m╴[38;2;38;156;250m▖[38;2;38;155;251;48;2;37;155;251m┈ [38;2;37;155;251;48;2;37;154;251m▃[38;2;37;154;251;48;2;37;153;251m▂[38;2;37;153;251;48;2;37;152;251m▅[38;2;37;152;251;48;2;36;152;250m▅[48;2;37;151;251m [38;2;36;151;251;48;2;37;150;252m▃[38;2;37;150;251;48;2;37;149;251m▍[38;2;38;149;251;48;2;37;148;252m▃[38;2;37;148;252;48;2;38;147;252m▅[38;2;38;146;252m▝[48;2;38;145;251m▗[38;2;38;145;251;48;2;38;144;252m▂[38;2;38;142;251;48;2;38;143;252m╹[48;2;39;141;251m▅[38;2;39;141;251;48;2;39;139;250m▅[38;2;39;140;250m▃[38;2;39;138;250;48;2;40;137;250m▇[38;2;38;138;250m▖[38;2;40;136;250;48;2;41;136;250m▊[48;2;40;135;250m▂[38;2;39;135;250;48;2;40;134;250m▁[38;2;39;133;249;48;2;39;133;250m▊[38;2;39;133;251;48;2;40;131;250m▖[38;2;41;130;252;48;2;40;129;250m▂[38;2;36;113;215;48;2;42;128;249m▂[38;2;38;96;175;48;2;40;121;236m▃[0m[7m[38;2;36;98;184m▃[38;2;42;74;119m▅[0m[38;2;12;13;14m       [0m
 [38;2;0;0;0m        [7m[38;2;48;88;121m▆[38;2;37;111;172m▄[0m[38;2;47;76;99;48;2;34;127;203m▂[38;2;29;113;182;48;2;36;151;242m▃[38;2;31;129;207;48;2;37;155;249m▂[38;2;37;155;250m┈[48;2;37;155;250m [38;2;38;156;250;48;2;37;156;250m┈[38;2;38;157;250m┎[38;2;38;156;251;48;2;38;156;250m┈[38;2;38;155;250;48;2;37;155;250m┊[38;2;38;156;251m┊[38;2;37;156;250m▗[38;2;38;155;251;48;2;38;155;250m╻[38;2;37;154;251;48;2;37;155;251m▝[48;2;37;154;251m [48;2;37;153;251m [38;2;37;153;251;48;2;36;152;251m▃[38;2;37;151;251;48;2;37;150;251m▇[38;2;36;151;251;48;2;38;150;251m▃[38;2;37;150;251;48;2;38;148;251m▇[38;2;38;149;251;48;2;37;149;251m▁[38;2;37;148;251;48;2;37;147;252m▄[48;2;37;147;251m▂[38;2;38;147;251;48;2;38;145;252m▄[38;2;38;146;252;48;2;38;144;252m▃[38;2;38;144;252;48;2;38;142;251m▅[38;2;38;142;251;48;2;40;141;251m▇[38;2;39;139;250;48;2;39;141;251m▝[48;2;39;138;250m▄[38;2;38;138;249;48;2;40;137;250m▅[38;2;38;138;250m▃[38;2;40;137;251;48;2;40;136;250m┈[38;2;32;109;202;48;2;39;134;249m▂[38;2;32;100;183;48;2;39;130;246m▄[0m[7m[38;2;37;106;195m▂[38;2;39;92;160m▄[0m [38;2;11;11;11m         [0m
 [38;2;0;0;0m          [0m [7m[38;2;52;93;126m▆[38;2;40;103;156m▄[38;2;34;119;189m▃[38;2;36;127;202m▁[0m[38;2;29;112;180;48;2;37;154;247m▄[38;2;27;113;182;48;2;37;153;245m▂[38;2;28;118;193;48;2;37;154;248m▁[38;2;37;156;250;48;2;37;155;248m╴[38;2;37;154;249;48;2;37;156;250m▄[38;2;36;154;250m▄[38;2;37;154;250m▃[48;2;38;155;250m▇[38;2;36;154;250;48;2;37;154;250m┑[38;2;37;155;251;48;2;37;154;251m╾ [38;2;37;154;251;48;2;37;153;251m▖[48;2;36;152;251m [38;2;36;151;251;48;2;37;150;252m▇[38;2;36;150;251;48;2;37;149;251m▄[38;2;37;150;252m▂ [38;2;38;148;251;48;2;38;148;252m▍[38;2;38;147;252;48;2;38;147;251m┾[38;2;39;147;252;48;2;38;145;251m▅[38;2;40;139;237;48;2;38;144;251m▁[38;2;27;105;184;48;2;38;140;248m▁[38;2;29;107;188;48;2;39;140;250m▃[38;2;31;104;182;48;2;39;138;246m▄[0m[7m[38;2;36;112;196m▁[38;2;35;102;178m▃[38;2;39;97;167m▅[38;2;50;85;128m▇[0m[38;2;13;15;16m            [0m
 [38;2;0;0;0m            [0m   [7m[38;2;67;110;146m▇[38;2;46;101;147m▅[38;2;39;107;163m▄[38;2;37;112;173m▃[38;2;38;120;186m▂[38;2;39;123;192m▁[0m[38;2;71;93;109;48;2;32;127;204m▁[38;2;36;115;181;48;2;37;154;249m▅[38;2;27;109;176;48;2;37;152;247m▄[38;2;27;113;181;48;2;37;154;250m▄[38;2;27;108;175;48;2;36;150;243m▃[38;2;28;109;175;48;2;37;151;245m▃[38;2;28;108;175;48;2;37;150;245m▃[38;2;28;108;174;48;2;36;148;243m▃[38;2;28;110;180;48;2;37;151;250m▄[38;2;28;107;177;48;2;36;149;247m▄[38;2;36;111;180;48;2;37;150;250m▅[0m[7m[38;2;34;123;205m▁[38;2;39;117;190m▁[38;2;38;111;181m▂[38;2;38;105;169m▃[38;2;41;99;157m▄[38;2;44;104;165m▆[38;2;61;89;118m▇[0m[38;2;12;12;13m                [0m
[?25h
